phi,x,y
0.0,0,0
0.0,0,1
0.0,0,2
0.0,0,3
0.0,0,4
0.0,0,5
0.0,0,6
0.0,0,7
0.0,0,8
0.0,0,9
0.0,0,10
0.0,0,11
0.0,0,12
0.0,0,13
0.0,0,14
0.0,0,15
0.0,0,16
0.0,0,17
0.0,0,18
0.0,0,19
0.0,0,20
0.0,0,21
0.0,0,22
0.0,0,23
0.0,0,24
0.0,0,25
0.0,0,26
0.0,0,27
0.0,0,28
0.0,0,29
0.0,0,30
0.0,0,31
0.0,0,32
0.0,0,33
0.0,0,34
0.0,0,35
0.0,0,36
0.0,0,37
0.0,0,38
0.0,0,39
0.0,0,40
0.0,0,41
0.0,0,42
0.0,0,43
0.0,0,44
0.0,0,45
0.0,0,46
0.0,0,47
0.0,0,48
0.0,0,49
0.0,1,0
4.260364935716411e-06,1,1
8.523565564451101e-06,1,2
1.2782587808411043e-05,1,3
1.7048236427662794e-05,1,4
2.1301941999735568e-05,1,5
2.556051039800189e-05,1,6
2.979238232418795e-05,1,7
3.4018430876276775e-05,1,8
3.819308589346162e-05,1,9
4.2339574997655876e-05,1,10
4.63979217207315e-05,1,11
5.0392478938042405e-05,1,12
5.424936747343003e-05,1,13
5.799362731456293e-05,1,14
6.153916021993576e-05,1,15
6.491231888365393e-05,1,16
6.801783272422736e-05,1,17
7.088516748519795e-05,1,18
7.341423742504845e-05,1,19
7.564040988325992e-05,1,20
7.746404805590904e-05,1,21
7.892963875753537e-05,1,22
7.994339800833299e-05,1,23
8.05617130913456e-05,1,24
8.070121806054942e-05,1,25
8.043160618457583e-05,1,26
7.968276770984229e-05,1,27
7.853705652430424e-05,1,28
7.69382615956205e-05,1,29
7.497856656474931e-05,1,30
7.261424339066225e-05,1,31
6.994276036293452e-05,1,32
6.693007692542462e-05,1,33
6.367357790404341e-05,1,34
6.014567716051426e-05,1,35
5.643846664079702e-05,1,36
5.2528014561597956e-05,1,37
4.849684014278545e-05,1,38
4.432286288356661e-05,1,39
4.007608674617014e-05,1,40
3.5735668671863433e-05,1,41
3.135754908890103e-05,1,42
2.6922592436219562e-05,1,43
2.2472342085240588e-05,1,44
1.7990655720003088e-05,1,45
1.3505280970671548e-05,1,46
9.004863423884377e-06,1,47
4.504613486933267e-06,1,48
0.0,1,49
0.0,2,0
8.523565568807698e-06,2,1
1.7043718448213684e-05,2,2
2.557485608741714e-05,2,3
3.409213361868832e-05,2,4
4.262386981506395e-05,2,5
5.1120598859374726e-05,2,6
5.962059834515714e-05,2,7
6.804725077878026e-05,2,8
7.644505507968057e-05,2,9
8.470871965137892e-05,2,10
9.288590458659601e-05,2,11
0.00010084262742607649,2,12
0.00010862791873634456,2,13
0.0001160811818559863,2,14
0.00012325292093235115,2,15
0.00012996061227054731,2,16
0.00013625867249276815,2,17
0.00014195013688932765,2,18
0.00014709808357798735,2,19
0.0001515009684945475,2,20
0.00015523685210632582,2,21
0.00015811065157415012,2,22
0.00016022181413978063,2,23
0.00016139209295536476,2,24
0.0001617468773625804,2,25
0.000161132455265127,2,26
0.00015970110922598787,2,27
0.00015732720832938363,2,28
0.00015418638530372857,2,29
0.0001501801251402274,2,30
0.00014549973820757723,2,31
0.00014006924413201041,2,32
0.00013408531069958416,2,33
0.00012748805662119768,2,34
0.00012046855539627957,2,35
0.00011297667558167018,2,36
0.00010518816489958796,2,37
9.705787656586448e-05,2,38
8.873892599574286e-05,2,39
8.01887191753062e-05,2,40
7.153328960953998e-05,2,41
6.27325348516325e-05,2,42
5.3883633831035596e-05,2,43
4.49508539285772e-05,2,44
3.600291219715431e-05,2,45
2.701164566283376e-05,2,46
1.8019278150269285e-05,2,47
9.00914218616395e-06,2,48
0.0,2,49
0.0,3,0
1.2782587844926781e-05,3,1
2.5574856109021537e-05,3,2
3.835707620255207e-05,3,3
5.116263897728908e-05,3,4
6.39372242232937e-05,3,5
7.673195517605916e-05,3,6
8.945351582398772e-05,3,7
0.00010216484666225318,3,8
0.00011473042224278706,3,9
0.00012721970248736123,3,10
0.00013945356988676464,3,11
0.0001515041281795281,3,12
0.00016314997145148077,3,13
0.00017446436902989943,3,14
0.00018518852923426877,3,15
0.00019539870784343486,3,16
0.00020480787130028417,3,17
0.00021350080731420253,3,18
0.0002211755483188624,3,19
0.00022793417795886526,3,20
0.00023347606899248613,3,21
0.00023793086647580874,3,22
0.0002410161234451589,3,23
0.00024289805656763585,3,24
0.00024332666521766977,3,25
0.0002425094466240481,3,26
0.0002402376470885169,3,27
0.00023675823342517993,3,28
0.00023190549976164786,3,29
0.00022595710202620836,3,30
0.00021878564105835482,3,31
0.00021068525405682439,3,32
0.00020155779320661754,3,33
0.0001916971417819266,3,34
0.00018102409042950452,3,35
0.0001698161551082335,3,36
0.00015800426427098053,3,37
0.0001458364870906502,3,38
0.00013324833389620168,3,39
0.00012044959188340324,3,40
0.00010737856557875695,3,41
9.420226005214056e-05,3,42
8.086334686137152e-05,3,43
6.748525324418969e-05,3,44
5.401906398454824e-05,3,45
4.0546629530249356e-05,3,46
2.7032997168044312e-05,3,47
1.3522373251335557e-05,3,48
0.0,3,49
0.0,4,0
1.7048236470693684e-05,4,1
3.409213376325445e-05,4,2
5.116263903703804e-05,4,3
6.821277273055571e-05,4,4
8.530087187170285e-05,4,5
0.00010233078308821442,4,6
0.00011938012922241372,4,7
0.0001362982760477967,4,8
0.00015317438571657113,4,9
0.0001697999478580864,4,10
0.00018626918640332447,4,11
0.00020231526117083412,4,12
0.00021803350090159675,4,13
0.00023310250291427037,4,14
0.0002476186518549352,4,15
0.0002612151752296781,4,16
0.00027399444560177646,4,17
0.0002855595066427587,4,18
0.00029602874754568664,4,19
0.00030499547671039915,4,20
0.0003126077809315639,4,21
0.0003184724762021393,4,22
0.0003227815048142006,4,23
0.00032517721963091063,4,24
0.0003259057701165779,4,25
0.00032466136986745146,4,26
0.0003217469424215172,4,27
0.00031691583107033036,4,28
0.0003105204679730498,4,29
0.00030237072790765526,4,30
0.0002928522764888388,4,31
0.00028182111334261494,4,32
0.0002696742127620329,4,33
0.0002562994756704837,4,34
0.00024208211431516106,4,35
0.00022692818926403963,4,36
0.00021119095579518658,4,37
0.00019478456867684342,4,38
0.0001780154916416415,4,39
0.00016080105115621213,4,40
0.0001433921941065798,4,41
0.00012570954778693,4,42
0.00010794537651843669,4,43
9.002773985335748e-05,4,44
7.209142275256438e-05,4,45
5.407867954206415e-05,4,46
3.607110954518363e-05,4,47
1.8033302105286085e-05,4,48
0.0,4,49
0.0,5,0
2.1301942179326157e-05,5,1
4.262386996381921e-05,5,2
6.3937224579526e-05,5,3
8.530087199763877e-05,5,4
0.00010662887314856393,5,5
0.000128008783908047,5,6
0.00014928962776434595,5,7
0.00017057742896156222,5,8
0.00019165032604452693,5,9
0.0002126234536513087,5,10
0.0002332011029062275,5,11
0.000253500419400711,5,12
0.0002731533042730602,5,13
0.00029227586790334044,5,14
0.00031043525244238115,5,15
0.00032774932879809385,5,16
0.00034373567910039377,5,17
0.0003585236109903233,5,18
0.000371604080820845,5,19
0.0003831337551704187,5,20
0.0003926057105223245,5,21
0.0004002231643588612,5,22
0.00040551154371924655,5,23
0.00040873794398533803,5,24
0.0004094859116860986,5,25
0.00040809598891375164,5,26
0.0004042255179226529,5,27
0.0003982859054405352,5,28
0.0003900108497047385,5,29
0.00037986697371019095,5,30
0.00036765470437425345,5,31
0.00035387020225766857,5,32
0.0003383632154493944,5,33
0.00032162937789900265,5,34
0.0003035484819144985,5,35
0.00028458714699787523,5,36
0.00026463921949653987,5,37
0.00024411973895250067,5,38
0.00022292690457431305,5,39
0.00020140947844140287,5,40
0.0001794672650089705,5,41
0.0001573757762664233,5,42
0.00013503962128298713,5,43
0.00011266044257081326,5,44
9.01550400898028e-05,5,45
6.765518104936878e-05,5,46
4.5099649765519895e-05,5,47
2.2557403058317866e-05,5,48
0.0,5,49
0.0,6,0
2.556051054552955e-05,6,1
5.1120599425809375e-05,6,2
7.673195551467512e-05,6,3
0.0001023307837875406,6,4
0.00012800878413419948,6,5
0.00015362863888823195,6,6
0.0001793094921371725,6,7
0.00020483196056531714,6,8
0.00023033035640654823,6,9
0.000255497272457488,6,10
0.00028047157392311467,6,11
0.0003048560740311654,6,12
0.00032878726887878125,6,13
0.0003517828084156534,6,14
0.0003739760177256797,6,15
0.00039481261453333397,6,16
0.00041443017804742286,6,17
0.0004322257105202431,6,18
0.0004483573433513172,6,19
0.000462205820714322,6,20
0.00047397296981032967,6,21
0.00048306112844897744,6,22
0.0004897405632118297,6,23
0.000493471619678965,6,24
0.0004946118131754104,6,25
0.0004927064584826212,6,26
0.0004882059404974568,6,27
0.0004807519266822567,6,28
0.00047087628559454076,6,29
0.0004583113624714575,6,30
0.0004436436121173566,6,31
0.00042667715844901046,6,32
0.00040801677407369005,6,33
0.0003875135113907793,6,34
0.00036575285366430315,6,35
0.00034260953767700363,6,36
0.00031861766395461735,6,37
0.00029365928965014,6,38
0.00026819442401486237,6,39
0.0002421050222513753,6,40
0.0002157644525886763,6,41
0.0001890554807318398,6,42
0.00016226110276564338,6,43
0.00013527207515823578,6,44
0.00010828389351316989,6,45
8.120635851040915e-05,6,46
5.4154781986320604e-05,6,47
2.7070912889630964e-05,6,48
0.0,6,49
0.0,7,0
2.979238281469692e-05,7,1
5.962059878046523e-05,7,2
8.94535170401758e-05,7,3
0.0001193801298529982,7,4
0.00014928962896056425,7,5
0.0001793094925021442,7,6
0.00020923791494822483,7,7
0.0002392258439957042,7,8
0.0002689713013203226,7,9
0.00029863451582850186,7,10
0.00032780780314802205,7,11
0.0003566493515690607,7,12
0.0003846462331103691,7,13
0.0004119489901616709,7,14
0.0004379488473106408,7,15
0.0004627919314047324,7,16
0.0004857946226572818,7,17
0.0005071129129092991,7,18
0.000526021898045983,7,19
0.0005427124254692527,7,20
0.0005564619891127901,7,21
0.0005675276666707565,7,22
0.0005752364444989625,7,23
0.0005799410301825052,7,24
0.0005810584756521777,7,25
0.0005790544046463726,7,26
0.0005734601925239635,7,27
0.0005648517479455663,7,28
0.000552877360522942,7,29
0.0005381989938020947,7,30
0.0005205644739156846,7,31
0.0005006813589110504,7,32
0.0004783674888097294,7,33
0.00045432913771285957,7,34
0.00042842265390394637,7,35
0.00040130968574169273,7,36
0.00037285999003534,7,37
0.00034365752091433465,7,38
0.00031357111242376817,7,39
0.0002830866959200752,7,40
0.0002520690039022239,7,41
0.00022089744314846008,7,42
0.0001894384528892515,7,43
0.00015796560527810626,7,44
0.00012635877073810805,7,45
9.479266103881106e-05,7,46
6.317540314415717e-05,7,47
3.1593759517185135e-05,7,48
0.0,7,49
0.0,8,0
3.401843122019602e-05,8,1
6.804725215427509e-05,8,2
0.00010216484755557906,8,3
0.00013629827822144076,8,4
0.00017057742999995764,8,5
0.0002048319624281861,8,6
0.00023922584454105441,8,7
0.0002734789502668532,8,8
0.00030777181151398506,8,9
0.0003417050018774137,8,10
0.0003754597873639092,8,11
0.00040851304596914716,8,12
0.00044103559632627264,8,13
0.0004723846708840675,8,14
0.0005027179737754386,8,15
0.0005312894082400784,8,16
0.0005582532066279632,8,17
0.0005827914263686638,8,18
0.0006050786705376513,8,19
0.0006242716388400605,8,20
0.0006406010812213585,8,21
0.0006532545759755875,8,22
0.0006625588983197915,8,23
0.0006677878031699766,8,24
0.0006693957858414498,8,25
0.0006667837909934083,8,26
0.00066054513826702,8,27
0.0006502241480178877,8,28
0.0006365367617387753,8,29
0.000619159486946022,8,30
0.0005988899434842689,8,31
0.0005755049990473276,8,32
0.00054982882855974,8,33
0.0005216986252204251,8,34
0.0004919091844685926,8,35
0.00046032209815886335,8,36
0.00042765674968765457,8,37
0.0003937751794544776,8,38
0.0003592905181588896,8,39
0.0003240555941581024,8,40
0.000288561839832386,8,41
0.0002526556658922734,8,42
0.00021670390156440243,8,43
0.00018055805453051418,8,44
0.00014446621238552103,8,45
0.00010830140452905831,8,46
7.220431235424524e-05,8,47
3.6087900751371225e-05,8,48
0.0,8,49
0.0,9,0
3.819308691008933e-05,9,1
7.644505600595186e-05,9,2
0.00011473042496505886,9,3
0.00015317438726109248,9,4
0.00019165032951532534,9,5
0.00023033035797748763,9,6
0.0002689713040284213,9,7
0.0003077718122824707,9,8
0.0003463587860310113,9,9
0.0003849373808756363,9,10
0.0004229951068987275,9,11
0.0004607266519612622,9,12
0.0004974778838824273,9,13
0.0005334232771112833,9,14
0.0005677765970391956,9,15
0.0006006946680276865,9,16
0.0006312852266247063,9,17
0.0006597066139314341,9,18
0.000685005806961658,9,19
0.0007073791999403547,9,20
0.0007258750626912376,9,21
0.0007407761423944441,9,22
0.0007512012090329421,9,23
0.0007575666238943774,9,24
0.0007591222519455045,9,25
0.0007564476124521062,9,26
0.0007489592752246589,9,27
0.0007373983825391851,9,28
0.0007213496767608144,9,29
0.0007016803315164059,9,30
0.0006781135854395335,9,31
0.0006515821721320873,9,32
0.0006219003911106963,9,33
0.0005899975791284879,9,34
0.0005557306096229615,9,35
0.0005199637741724565,9,36
0.00048255982069945834,9,37
0.0004442733172268743,9,38
0.00040495362756322225,9,39
0.00036522034272332094,9,40
0.0003249069172427078,9,41
0.00028448952623007397,9,42
0.00024379569788300558,9,43
0.00020316188042634144,9,44
0.0001624271651106972,9,45
0.0001217995735697025,9,46
8.11506376087309e-05,9,47
4.0575590560888525e-05,9,48
0.0,9,49
0.0,10,0
4.233957564825558e-05,10,1
8.470872230072252e-05,10,2
0.00012721970426663294,10,3
0.00016979995243710284,10,4
0.00021262345605508974,10,5
0.00025549727758288103,10,6
0.00029863451806033854,10,7
0.00034170500561053903,10,8
0.00038493738190937665,10,9
0.0004278499596726098,10,10
0.00047066450382017783,10,11
0.00051273898196465,10,12
0.000554271006613157,10,13
0.0005944595817873156,10,14
0.0006334718184808426,10,15
0.0006703654553147912,10,16
0.0007052880872851332,10,17
0.0007371957344525413,10,18
0.0007662490999951088,10,19
0.0007913653857533776,10,20
0.0008127709389022308,10,21
0.000829423973101031,10,22
0.0008416779973216786,10,23
0.0008486130742228815,10,24
0.0008507611067763359,10,25
0.0008473843250777214,10,26
0.0008392133449819495,10,27
0.0008257146520365969,10,28
0.0008077954472376619,10,29
0.0007851060299568525,10,30
0.0007586699319845799,10,31
0.0007282698513154613,10,32
0.0006949650029497353,10,33
0.0006586087500356725,10,34
0.0006202165013225758,10,35
0.000579659536274205,10,36
0.0005378470808336599,10,37
0.0004946355421512074,10,38
0.0004507891652971167,10,39
0.0004061384427424845,10,40
0.00036128596767629135,10,41
0.00031604279106626186,10,42
0.00027084984344663305,10,43
0.00022551640073502927,10,44
0.00018033234740445376,10,45
0.0001351283494863021,10,46
9.005979688162364e-05,10,47
4.500349706351872e-05,10,48
0.0,10,49
0.0,11,0
4.639792350789851e-05,11,1
9.28859062360548e-05,11,2
0.00013945357484947365,11,3
0.00018626918932722615,11,4
0.0002332011098788162,11,5
0.0002804715774003432,11,6
0.0003278078102880141,11,7
0.0003754597903831175,11,8
0.000422995111830114,11,9
0.00047066450515881146,11,10
0.0005178609122078622,11,11
0.0005648113637956695,11,12
0.0006107269048981717,11,13
0.0006557947280231628,11,14
0.0006990512138174695,11,15
0.0007406436789966576,11,16
0.0007794634154862064,11,17
0.0008156415980428416,11,18
0.0008479821670066019,11,19
0.0008766509320508898,11,20
0.0009004490913549218,11,21
0.0009196485094776276,11,22
0.0009331461652786486,11,23
0.0009413932783798183,11,24
0.000943470824647546,11,25
0.0009400578606200324,11,26
0.0009304704953161774,11,27
0.0009156168743301874,11,28
0.0008950468851391507,11,29
0.0008698466247656376,11,30
0.0008397510959044981,11,31
0.0008059362519395302,11,32
0.0007682486763442945,11,33
0.0007278559243062959,11,34
0.000684644485879757,11,35
0.0006396893541751981,11,36
0.0005928659179918131,11,37
0.0005450995336926695,11,38
0.0004962306042597394,11,39
0.000447006205494993,11,40
0.00039723179513025537,11,41
0.00034747020449559223,11,42
0.000297508332933463,11,43
0.00024773369950805324,11,44
0.00019793969310225065,11,45
0.0001483557456535606,11,46
9.880978776267642e-05,11,47
4.939443349705943e-05,11,48
0.0,11,49
0.0,12,0
5.0392480014611184e-05,12,1
0.00010084263185214334,12,2
0.0001515041312033104,12,3
0.00020231526916381743,12,4
0.0002535004237696293,12,5
0.00030485608393831495,12,6
0.00035664935633090435,12,7
0.0004085130554707732,12,8
0.00046072665588691494,12,9
0.000512738988253303,12,10
0.000564811365474573,12,11
0.0006161932402147309,12,12
0.0006671020829217071,12,13
0.0007165838779569361,12,14
0.0007647995790941768,12,15
0.0008106080905895475,12,16
0.0008541243434621069,12,17
0.0008940666781333959,12,18
0.0009305461060808955,12,19
0.0009622219854532,12,20
0.000989275419799984,12,21
0.0010104166707971898,12,22
0.0010259885921294813,12,23
0.0010348677985903283,12,24
0.0010376389429240889,12,25
0.0010334321471092956,12,26
0.001023108758536169,12,27
0.0010060820342567168,12,28
0.0009834603167402794,12,29
0.0009549049337388105,12,30
0.0009216841161699568,12,31
0.0008836269719814322,12,32
0.00084204636063087,12,33
0.000796847227932461,12,34
0.0007492775358576348,12,35
0.0006992437691124062,12,36
0.0006478479769408306,12,37
0.0005949558423400358,12,38
0.0005414778076333228,12,39
0.0004872281433963934,12,40
0.00043291044062974683,12,41
0.00037830032712160973,12,42
0.0003239001837568927,12,43
0.00026947309767906053,12,44
0.0002153376955989184,12,45
0.00016127593169786738,12,46
0.00010744567308825042,12,47
5.3679568176895776e-05,12,48
0.0,12,49
0.0,13,0
5.424937028368411e-05,13,1
0.00010862792134903135,13,2
0.00016314997941418983,13,3
0.00021803350568673128,13,4
0.0002731533160193472,13,5
0.00032878727498910384,13,6
0.00038464624647399664,13,7
0.00044103560257169566,13,8
0.0004974778960644448,13,9
0.0005542710115515864,13,10
0.000610726912681602,13,11
0.000667102084970342,13,12
0.0007224829704338371,13,13
0.0007770592812156859,13,14
0.0008296935576154002,13,15
0.0008805031662970666,13,16
0.0009281571015011059,13,17
0.0009727272952976007,13,18
0.0010127592619456553,13,19
0.0010483468139949428,13,20
0.0010780235404083257,13,21
0.0011020069176392478,13,22
0.0011189554284789056,13,23
0.001129320179392421,13,24
0.001132010623623938,13,25
0.0011277880684562981,13,26
0.0011158854568848163,13,27
0.0010973806766074905,13,28
0.001071823635687119,13,29
0.0010405362526554607,13,30
0.0010033085928617595,13,31
0.0009615806358515304,13,32
0.0009152723365269625,13,33
0.0008658051856439697,13,34
0.0008131269134100831,13,35
0.0007585294316310717,13,36
0.0007019206187022948,13,37
0.0006443934456913679,13,38
0.0005857888003267651,13,39
0.000526971362817725,13,40
0.0004677205460367582,13,41
0.00040867250948942364,13,42
0.0003495707949140127,13,43
0.00029083985641920767,13,44
0.00023222193277617578,13,45
0.00017395455725025924,13,46
0.00011581490590725264,13,47
5.788122008110037e-05,13,48
0.0,13,49
0.0,14,0
5.7993628934929004e-05,14,1
0.00011608118855574094,14,2
0.0001744643736528332,14,3
0.0002331025153199033,14,4
0.00029227587483209727,14,5
0.0003517828246135453,14,6
0.0004119489982929755,14,7
0.0004723846881841235,14,8
0.000533423285018169,14,9
0.0005944595969256995,14,10
0.0006557947340630078,14,11
0.0007165838873445701,14,12
0.0007770592836561363,14,13
0.0008361236483442973,14,14
0.0008939179677280414,14,15
0.0009491038656481509,14,16
0.0010017380700939947,14,17
0.001050292178812668,14,18
0.0010947897840220997,14,19
0.0011336141360133256,14,20
0.0011668557050492385,14,21
0.0011929563599008064,14,22
0.0012122052352201292,14,23
0.0012232641135799974,14,24
0.0012267415349130075,14,25
0.0012216431151129005,14,26
0.0012089534069715535,14,27
0.0011880612697666142,14,28
0.0011602877485181369,14,29
0.0011253481179170919,14,30
0.0010847760169270396,14,31
0.0010384920891383551,14,32
0.0009880814484737946,14,33
0.0009335379614473371,14,34
0.0008763516112796485,14,35
0.0008164891022399223,14,36
0.0007552441915929602,14,37
0.0006925049742109933,14,38
0.000629318767576765,14,39
0.0005654878776244859,14,40
0.0005018030350227651,14,41
0.0004380031528157334,14,42
0.00037463690111354215,14,43
0.00031141681963319396,14,44
0.0002486759269416685,14,45
0.0001861413979681539,14,46
0.000123961043018952,14,47
6.191601100158461e-05,14,48
0.0,14,49
0.0,15,0
6.153916429136644e-05,15,1
0.00012325292473470845,15,2
0.00018518854091426477,15,3
0.00024761865895699364,15,4
0.000310435270167403,15,5
0.00037397602715917556,15,6
0.0004379488686033056,15,7
0.0005027179841781061,15,8
0.0005677766186919648,15,9
0.0006334718281977557,15,10
0.0006990512321322528,15,11
0.0007647995863020006,15,12
0.0008296935686829154,15,13
0.0008939179705737987,15,14
0.0009561706803448111,15,15
0.0010165216394045732,15,16
0.0010734171568186391,15,17
0.0011268396355842952,15,18
0.0011750645745515276,15,19
0.001218071747072144,15,20
0.0012541079239380812,15,21
0.0012832896321739607,15,22
0.001304019837705085,15,23
0.0013167107832642098,15,24
0.001320097966242754,15,25
0.0013150053772187909,15,26
0.0013006024000174231,15,27
0.001278139248781763,15,28
0.0012472045258091922,15,29
0.0012093732480477717,15,30
0.0011645369078509115,15,31
0.0011144190710183131,15,32
0.0010590547848435394,15,33
0.001000131496626941,15,34
0.0009376880119130837,15,35
0.0008732340403061427,15,36
0.000806726834136088,15,37
0.0007394183140598271,15,38
0.0006711565473033414,15,39
0.0006029094967034386,15,40
0.0005344307911912069,15,41
0.00046641374638706754,15,42
0.00039855539565373583,15,43
0.0003313017406348711,15,44
0.0002643390582441275,15,45
0.00019789971338451972,15,46
0.00013170428221812982,15,47
6.580581594845676e-05,15,48
0.0,15,49
0.0,16,0
6.491232115338689e-05,16,1
0.00012996062168962392,16,2
0.00019539871438396922,16,3
0.0002612151929464247,16,4
0.0003277493388229831,16,5
0.00039481263838658597,16,6
0.00046279194366707807,16,7
0.0005312894351867333,16,8
0.0006006946809114054,16,9
0.0006703654816532074,16,10
0.000740643690635556,16,11
0.0008106081122335076,16,12
0.0008805031747137134,16,13
0.0009491038784329506,16,14
0.001016521642659613,16,15
0.0010812296845784852,16,16
0.001143205879275953,16,17
0.0012006734686428138,16,18
0.0012535348275616702,16,19
0.0012998846894277025,16,20
0.0013396790536558997,16,21
0.0013710743240233365,16,22
0.0013942619910234067,16,23
0.0014076792648315762,16,24
0.0014119278875580385,16,25
0.001405898089273755,16,26
0.0013906886253919517,16,27
0.0013656946397944663,16,28
0.001332459854022117,16,29
0.0012907972899148786,16,30
0.0012425234101920686,16,31
0.0011876939828008286,16,32
0.001128179228332532,16,33
0.0010640953568850028,16,34
0.000997176513430716,16,35
0.0009274697653672818,16,36
0.0008564522935969491,16,37
0.000784043557925314,16,38
0.0007114128376189268,16,39
0.0006383522264136838,16,40
0.0005657223296203164,16,41
0.0004932234158325832,16,42
0.0004214339739582451,16,43
0.0003500125332947731,16,44
0.00027929250394853085,16,45
0.00020894212137605454,16,46
0.00013908810232633368,16,47
6.945516751020572e-05,16,48
0.0,16,49
0.0,17,0
6.801783825796475e-05,17,1
0.00013625867767630436,17,2
0.00020480788730533022,17,3
0.00027399445540785965,17,4
0.0003437357038310914,17,5
0.000414430191394413,17,6
0.0004857946533441399,17,7
0.0005582532219915481,17,8
0.0006312852596744668,17,9
0.0007052881028087283,17,10
0.0007794634467429225,17,11
0.0008541243570922794,17,12
0.0009281571265507266,17,13
0.0010017380797318221,17,14
0.0010734171713166418,17,15
0.0011432058829341412,17,16
0.0012093373088599667,17,17
0.0012716818473155753,17,18
0.0013282438480261482,17,19
0.0013788541372523097,17,20
0.0014214623347323975,17,21
0.001456042037426045,17,22
0.001480729625081582,17,23
0.0014958612213750028,17,24
0.0014999991063024065,17,25
0.0014940094309070188,17,26
0.0014770186201004843,17,27
0.0014504486782698906,17,28
0.0014139641090332696,17,29
0.0013694044211065317,17,30
0.001316804341047366,17,31
0.0012581817934489736,17,32
0.0011937215279892194,17,33
0.001125378627155921,17,34
0.0010533050248627495,17,35
0.0009792193924611243,17,36
0.0009031388402307274,17,37
0.0008264582207593876,17,38
0.0007490356401584925,17,39
0.0006719236991824712,17,40
0.0005948493648554425,17,41
0.0005185454110090399,17,42
0.00044266023585830564,17,43
0.0003676466125215855,17,44
0.0002931324916037854,17,45
0.0002193338455645403,17,46
0.00014591201314356945,17,47
7.288695022002073e-05,17,48
0.0,17,49
0.0,18,0
7.088517048722968e-05,18,1
0.00014195014937836778,18,2
0.0002135008160235708,18,3
0.00028555953038201864,18,4
0.0003585236245379043,18,5
0.0004322257431200415,18,6
0.0005071129299153386,18,7
0.0005827914644585097,18,8
0.0006597066326039025,18,9
0.0007371957739219283,18,10
0.0008156416163058108,18,11
0.0008940667144272567,18,12
0.0009727273109410629,18,13
0.0010502922072617236,18,14
0.0011268396464253932,18,15
0.0012006734848066833,18,16
0.001271681851360425,18,17
0.0013378515851969338,18,18
0.001398942041779212,18,19
0.0014527616808540688,18,20
0.0014990996023061135,18,21
0.0015358223079697732,18,22
0.0015629876419868606,18,23
0.0015788067002230385,18,24
0.0015838465315979537,18,25
0.0015768938873228896,18,26
0.001559149981619369,18,27
0.0015300441712294884,18,28
0.0014913446898722857,18,29
0.0014429982135859911,18,30
0.001387108887872427,18,31
0.0013238998139108562,18,32
0.0012555246204974959,18,33
0.0011822433224683727,18,34
0.001106022930974722,18,35
0.0010270013101017288,18,36
0.000946820773025925,18,37
0.0008654351745994616,18,38
0.0007841150577984096,18,39
0.0007026419863298785,18,40
0.0006219271707217488,18,41
0.0005416312572787985,18,42
0.00046234686610567625,18,43
0.0003836779582486114,18,44
0.00030594690688156163,18,45
0.00022876279808798524,18,46
0.0001522238266187734,18,47
7.599772754514918e-05,18,48
0.0,18,49
0.0,19,0
7.341424456443171e-05,19,1
0.00014709809027952208,19,2
0.0002211755690849195,19,3
0.000296028760335001,19,4
0.00037160411330299095,19,5
0.0004483573610439266,19,6
0.0005260219392091806,19,7
0.000605078691461533,19,8
0.0006850058528598885,19,9
0.0007662491221085201,19,10
0.0008479822130615577,19,11
0.000930546127116978,19,12
0.0010127593032720878,19,13
0.0010947898016506264,19,14
0.0011750646063075432,19,15
0.0012535348395571338,19,16
0.0013282438657650365,19,17
0.0013989420461840059,19,18
0.001463380093927738,19,19
0.0015212224655547823,19,20
0.0015701311368177138,19,21
0.0016099110216842344,19,22
0.0016384370713681843,19,23
0.0016559423118733497,19,24
0.0016608250272884095,19,25
0.001653974237770914,19,26
0.0016344928191159814,19,27
0.0016039655989934553,19,28
0.0015621599470088425,19,29
0.001511175098031414,19,30
0.0014512146248734897,19,31
0.0013845818320526247,19,32
0.001311628333071277,19,33
0.0012345599927526987,19,34
0.001153649531016288,19,35
0.0010708018781846868,19,36
0.0009860954198993735,19,37
0.0009010438673654222,19,38
0.0008155145763342936,19,39
0.0007306232284239566,19,40
0.0006460698071191742,19,41
0.0005626096267860219,19,42
0.00047984354974486506,19,43
0.00039821938979214496,19,44
0.0003173090288864869,19,45
0.00023730509311410385,19,46
0.00015781223103902405,19,47
7.881427736942937e-05,19,48
0.0,19,49
0.0,20,0
7.564041366866042e-05,20,1
0.0001515009842703908,20,2
0.00022793418899350187,20,3
0.0003049955069192653,20,4
0.00038313377251184455,20,5
0.0004622058627635097,20,6
0.0005427124476194083,20,7
0.0006242716890667031,20,8
0.0007073792249495288,20,9
0.0007913654396790149,20,10
0.0008766509576534752,20,11
0.0009622220380963051,20,12
0.0010483468377679697,20,13
0.001133614182239027,20,14
0.0012180717666060554,20,15
0.0012998847243114314,20,16
0.0013788541503226006,20,17
0.0014527617000348898,20,18
0.0015212224702830558,20,19
0.0015817858147061511,20,20
0.0016340652733275278,20,21
0.0016756581064318332,20,22
0.001706472728526815,20,23
0.0017245104618994571,20,24
0.001730285391681858,20,25
0.0017224975185230072,20,26
0.0017024339956211105,20,27
0.00166957673348226,20,28
0.0016259024888177615,20,29
0.0015715073143749592,20,30
0.0015087628752103492,20,31
0.0014380680831769003,20,32
0.0013618334504026744,20,33
0.0012804637410370634,20,34
0.0011961283982616156,20,35
0.0011090529752944111,20,36
0.0010210151996094161,20,37
0.0009320002067762932,20,38
0.0008433546224237044,20,39
0.00075484881083431,20,40
0.000667425776579939,20,41
0.00058070886855134,20,42
0.0004952925423734026,20,43
0.00041073080706228055,20,44
0.00032732844010863513,20,45
0.0002446410636226098,20,46
0.00016273643329430947,20,47
8.123076914404387e-05,20,48
0.0,20,49
0.0,21,0
7.746405686881362e-05,21,1
0.00015523686039122629,21,2
0.0002334760947308486,21,3
0.0003126077968420414,21,4
0.0003926057511329354,21,5
0.00047397299207279183,21,6
0.0005564620413299529,21,7
0.0006406011080350737,21,8
0.0007258751222603833,21,9
0.0008127709680627717,21,10
0.0009004491533246792,21,11
0.0009892754488508174,21,12
0.0010780235994717125,21,13
0.0011668557314514255,21,14
0.0012541079748002192,21,15
0.0013396790749646541,21,16
0.0014214623724803567,21,17
0.0014990996163425042,21,18
0.0015701311572679112,21,19
0.0016340652783338936,21,20
0.0016883172976226081,21,21
0.0017325271239984489,21,22
0.0017643419779265193,21,23
0.0017838859649057341,21,24
0.0017894179089534964,21,25
0.0017818344139199317,21,26
0.001760230249685235,21,27
0.001726328834282567,21,28
0.001680006247089574,21,29
0.001623588205441137,21,30
0.0015574433452356384,21,31
0.0014841199736888913,21,32
0.0014041261531924293,21,33
0.0013198760222750269,21,34
0.0012317513446800934,21,35
0.001141804524573456,21,36
0.0010501668400999876,21,37
0.0009584398162335181,21,38
0.0008664972598552978,21,39
0.0007754959866703103,21,40
0.0006851116400787212,21,41
0.0005961086350805257,21,42
0.0005080469017906688,21,43
0.00042136289873034773,21,44
0.00033558115085533663,21,45
0.0002508700139883002,21,46
0.00016678658611937868,21,47
8.32817776741759e-05,21,48
0.0,21,49
0.0,22,0
7.892964333810951e-05,22,1
0.0001581106706886764,22,2
0.0002379308798751938,22,3
0.0003184725130013151,22,4
0.00040022318557313906,22,5
0.00048306118016952694,22,6
0.0005675276941021877,22,7
0.000653254638707431,22,8
0.0007407761739594257,22,9
0.000829424042051699,22,10
0.0009196485427477334,22,11
0.0010104167406166141,22,12
0.001102006950006045,22,13
0.001192956425045063,22,14
0.0012832896610267244,22,15
0.0013710743791333175,22,16
0.0014560420603306323,22,17
0.0015358223482397567,22,18
0.0016099110365512812,22,19
0.0016756581279435462,22,20
0.0017325271292297434,22,21
0.0017779030838452987,22,22
0.001811561287418934,22,23
0.001831337247594522,22,24
0.0018376905351611596,22,25
0.0018292580844778549,22,26
0.0018073895519533153,22,27
0.0017716210570923009,22,28
0.0017240943222675065,22,29
0.00166503843869878,22,30
0.001597036128168232,22,31
0.0015206364412088658,22,32
0.0014384477456016326,22,33
0.0013509943531554661,22,34
0.0012605958638300986,22,35
0.0011675477725880767,22,36
0.0010737229781777292,22,37
0.0009791301615863896,22,38
0.000885164864356865,22,39
0.000791587582689576,22,40
0.0006993574164940417,22,41
0.000608068194016854,22,42
0.000518309445737729,22,43
0.0004295966049121999,22,44
0.00034221665863362567,22,45
0.000255684391877139,22,46
0.00017004168105550933,22,47
8.486541706739847e-05,22,48
0.0,22,49
0.0,23,0
7.994340847394833e-05,23,1
0.00016022182398941508,23,2
0.00024101615410286037,23,3
0.00032278152381747617,23,4
0.0004055115924008444,23,5
0.0004897405900231344,23,6
0.0005752365077517178,23,7
0.0006625589310335958,23,8
0.0007512012823498189,23,9
0.0008416780335996687,23,10
0.0009331462433991908,23,11
0.0010259886293567694,23,12
0.0011189555057409559,23,13
0.0012122052706802654,23,14
0.0013040199084242159,23,15
0.0013942620220806833,23,16
0.001480729683933272,23,17
0.0015629876662639078,23,18
0.00163843711374757,23,19
0.0017064727440657846,23,20
0.0017643420002620037,23,21
0.0018115612928156367,23,22
0.0018456206770964508,23,23
0.001866558673546217,23,24
0.0018725395797463764,23,25
0.0018644585196289209,23,26
0.0018414114113701932,23,27
0.0018052156720221879,23,28
0.0017558328065121684,23,29
0.001695744953051342,23,30
0.0016254442308102756,23,31
0.0015476458412860743,23,32
0.0014629715084827878,23,33
0.0013739733398005544,23,34
0.0012811102436458726,23,35
0.0011865283775363532,23,36
0.0010903953546223819,23,37
0.0009943650293255865,23,38
0.0008983150994278278,23,39
0.0008034236674714326,23,40
0.0007093495020581213,23,41
0.0006168579702036794,23,42
0.0005254813328514055,23,43
0.0004356446856536868,23,44
0.0003468408889159131,23,45
0.00025921958693149336,23,46
0.00017230616369742289,23,47
8.60280933473079e-05,23,48
0.0,23,49
0.0,24,0
8.05617184346014e-05,24,1
0.00016139211527430505,24,2
0.00024289807223921325,24,3
0.00032517726277238784,24,4
0.00040873796893423883,24,5
0.000493471680748652,24,6
0.0005799410627340946,24,7
0.0006677878780661305,24,8
0.0007575666618606236,24,9
0.0008486131579063999,24,10
0.0009413933192033781,24,11
0.001034867885416657,24,12
0.0011293202203151308,24,13
0.0012232641976711483,24,14
0.0013167108215089412,24,15
0.0014076793404638693,24,16
0.0014958612543289618,24,17
0.001578806762205156,24,18
0.0016559423372608077,24,19
0.0017245105059160166,24,20
0.0017838859809388569,24,21
0.0018313372704926352,24,22
0.0018665586790440967,24,23
0.0018872946641079055,24,24
0.0018939683434343907,24,25
0.0018851848887114393,24,26
0.0018623254345429949,24,27
0.001824962379400852,24,28
0.001775328085415056,24,29
0.0017137325537480666,24,30
0.0016428744907725926,24,31
0.0015633917321336676,24,32
0.001477999416543573,24,33
0.0013872912151974444,24,34
0.0012936652973638278,24,35
0.0011974571966308402,24,36
0.0011005872222070634,24,37
0.0010030775879581253,24,38
0.0009063459476321684,24,39
0.0008101477342962179,24,40
0.0007154468776768876,24,41
0.0006218214408719101,24,42
0.0005298552107593119,24,43
0.00043904299365740847,24,44
0.00034965992341831837,24,45
0.0002611988958524431,24,46
0.0001736863283405041,24,47
8.667785459001546e-05,24,48
0.0,24,49
0.0,25,0
8.070123006161655e-05,25,1
0.00016174688866694441,25,2
0.00024332670045417378,25,3
0.00032590579200322156,25,4
0.0004094859679077967,25,5
0.000494611844247112,25,6
0.0005810585492715743,25,7
0.0006693958241166783,25,8
0.0007591223382710328,25,9
0.0008507611498180275,25,10
0.0009434709181884096,25,11
0.0010376389879979638,25,12
0.001132010718446708,25,13
0.0012267415791650893,25,14
0.0013200980563564362,25,15
0.001411927928199783,25,16
0.0014999991860468428,25,17
0.001583846566086909,25,18
0.001660825091700665,25,19
0.0017302854178860635,25,20
0.001789417954088329,25,21
0.0018376905514965608,25,22
0.0018725396029298973,25,23
0.0018939683489663215,25,24
0.0019001101862494805,25,25
0.0018918557659034889,25,26
0.0018683053599949642,25,27
0.001831307127285647,25,28
0.001780857765315064,25,29
0.001719492867140373,25,30
0.001647753046003541,25,31
0.0015684102726122434,25,32
0.0014821302793475175,25,33
0.0013915109650711006,25,34
0.001297041217815759,25,35
0.0012008968709578242,25,36
0.0011032602885518022,25,37
0.0010058003315735996,25,38
0.000908397516845886,25,39
0.0008122343114841645,25,40
0.000716964692201056,25,41
0.0006233517224057365,25,42
0.000530918835853298,25,43
0.0004400850542665493,25,44
0.00035033274720724336,25,45
0.0002618034653474346,25,46
0.0001740117698281108,25,47
8.687591468751082e-05,25,48
0.0,25,49
0.0,26,0
8.043161221146359e-05,26,1
0.00016113248045852092,26,2
0.00024250946433640742,26,3
0.00032466141871528056,26,4
0.00040809601723033607,26,5
0.0004927065280058429,26,6
0.0005790544418424482,26,7
0.0006667838769642073,26,8
0.0007564476562701736,26,9
0.0008473844222908028,26,10
0.0009400579084146085,26,11
0.0010334322497154989,26,12
0.0011277881173633352,26,13
0.001221643216993428,26,14
0.0013150054243387082,26,15
0.0014058981844306713,26,16
0.0014940094734894485,26,17
0.001576893970260512,26,18
0.001653974273389156,26,19
0.0017224975845954147,26,20
0.0017818344406237958,26,21
0.00182925813017999,26,22
0.0018644585360660573,26,23
0.0018851849118949615,26,24
0.0018918557714013688,26,25
0.0018830810121613455,26,26
0.0018602370535241095,26,27
0.0018229008702697058,26,28
0.0017733000764563816,26,29
0.0017117490285157402,26,30
0.001640941736131961,26,31
0.0015615201061189913,26,32
0.001476194719382911,26,33
0.0013855629791086658,26,34
0.0012920187232605147,26,35
0.0011959008301010046,26,36
0.001099125588272235,26,37
0.0010017181265078092,26,38
0.0009050924661655472,26,39
0.000809006487343676,26,40
0.0007144209432516292,26,41
0.0006209158418431143,26,42
0.0005290723051152425,26,43
0.00043838655125538235,26,44
0.0003491316034112549,26,45
0.00026080120948841225,26,46
0.00017342025929386272,26,47
8.654465719762576e-05,26,48
0.0,26,49
0.0,27,0
7.96827810310087e-05,27,1
0.00015970112178212732,27,2
0.00024023768627065545,27,3
0.00032174696679776205,27,4
0.0004042255806713129,27,5
0.0004882059752684827,27,6
0.0005734602751772769,27,7
0.0006605451814086662,27,8
0.0007489593729855973,27,9
0.0008392133939995112,27,10
0.0009304706025563213,27,11
0.0010231088106222033,27,12
0.0011158855674999312,27,13
0.001208953459182967,27,14
0.0013006025078117914,27,15
0.0013906886748348928,27,16
0.0014770187191750963,27,17
0.0015591500256299544,27,18
0.0016344929042354788,27,19
0.0017024340319303085,27,20
0.0017602303165999125,27,21
0.0018073895788253526,27,22
0.0018414114570723306,27,23
0.001862325450878398,27,24
0.0018683053828930807,27,25
0.0018602370589208134,27,26
0.0018372256986590831,27,27
0.0018010792532157417,27,28
0.001751768154795457,27,29
0.0016917650908588686,27,30
0.0016215705997117897,27,31
0.0015438906198239173,27,32
0.0014593546690488965,27,33
0.0013705059557230573,27,34
0.0012778104547953833,27,35
0.001183405961757944,27,36
0.0010874663395597237,27,37
0.0009916377804296296,27,38
0.0008958033356875203,27,39
0.0008011342915108692,27,40
0.0007072938020943137,27,41
0.0006150413878723209,27,42
0.000523912662579233,27,43
0.0004343279434667403,27,44
0.0003457823531269866,27,45
0.0002584218968420644,27,46
0.0001717730814926757,27,47
8.57609257930043e-05,27,48
0.0,27,49
0.0,28,0
7.853706310994629e-05,28,1
0.0001573272358746089,28,2
0.00023675825281016145,28,3
0.0003169158846063255,28,4
0.0003982859365323852,28,5
0.0004807520031977276,28,6
0.0005648517889998644,28,7
0.0006502242432336171,28,8
0.0007373984312689144,28,9
0.0008257147606734327,28,10
0.0009156169280487873,28,11
0.001006082150365303,28,12
0.0010973807323963615,28,13
0.0011880613870975457,28,14
0.0012781393036714,28,15
0.0013656947521849762,28,16
0.0014504487294229606,28,17
0.0015300442729817303,28,18
0.0016039656438780218,28,19
0.0016695768197088534,28,20
0.0017263288708243398,28,21
0.0017716211240069817,28,22
0.0018052156987260549,28,23
0.0018249624245356914,28,24
0.0018313071433187728,28,25
0.0018229008926051952,28,26
0.0018010792584470384,28,27
0.0017653920076722528,28,28
0.0017179666851147928,28,29
0.001659045361123864,28,30
0.0015911967253749515,28,31
0.0015149819530485976,28,32
0.0014329957885618253,28,33
0.0013457736520893083,28,34
0.0012556221931050277,28,35
0.0011628468578147703,28,36
0.0010693085214225253,28,37
0.0009750245348492003,28,38
0.0008813795764325852,28,39
0.0007881414195664541,28,40
0.0006962596649387757,28,41
0.0006053339240429773,28,42
0.0005159457593029472,28,43
0.00042761480170577787,28,44
0.00034062172830501514,28,45
0.0002544838558871547,28,46
0.00016923849437408168,28,47
8.446333475485417e-05,28,48
0.0,28,49
0.0,29,0
7.69382759281729e-05,29,1
0.00015418639882020603,29,2
0.00023190554197758846,29,3
0.00031052049426950646,29,4
0.0003900109175074918,29,5
0.00047087632324373084,29,6
0.0005528774502436617,29,7
0.0006365368087112536,29,8
0.0007213497835857828,29,9
0.0008077955010274178,29,10
0.0008950470034073237,29,11
0.0009834603745193535,29,12
0.0010718237592386365,29,13
0.0011602878073102623,29,14
0.0012472046483624174,29,15
0.0013324599108842103,29,16
0.001413964224566116,29,17
0.0014913447420721359,29,18
0.0015621600501199385,29,19
0.001625902533996535,29,20
0.0016800063333161717,29,21
0.001724094358576708,29,22
0.0017558328725845852,29,23
0.0017753281116192666,29,24
0.0017808578093316335,29,25
0.001773300091995356,29,26
0.0017517681763071769,29,27
0.0017179666901211605,29,28
0.0016717893984784509,29,29
0.001615543241038504,29,30
0.0015496135154519318,29,31
0.0014765301097949563,29,32
0.001396816496517693,29,33
0.0013128691083049901,29,34
0.0012250836704220834,29,35
0.0011354959434593153,29,36
0.0010442495467057045,29,37
0.0009529307520135025,29,38
0.0008614239340753242,29,39
0.0007708723396564121,29,40
0.0006809602678059951,29,41
0.0005924404971614853,29,42
0.00050487957429377,29,43
0.00041870444983446546,29,44
0.00033344411137425245,29,45
0.00024925967557020123,29,46
0.0001657104504766719,29,47
8.27424613483266e-05,29,48
0.0,29,49
0.0,30,0
7.497857354218586e-05,30,1
0.00015018015433770757,30,2
0.00022595712259000566,30,3
0.0003023707847622479,30,4
0.0003798670067774736,30,5
0.0004583114439971167,30,6
0.00053819903764215,30,7
0.0006191595888943086,30,8
0.0007016803838567927,30,9
0.0007851061470770232,30,10
0.0008698466829310554,30,11
0.0009549050600979918,30,12
0.0010405363137304536,30,13
0.001125348247259977,30,14
0.0012093733090528308,30,15
0.0012907974160398855,30,16
0.0013694044791763109,30,17
0.0014429983307138227,30,18
0.0015111751505836807,30,19
0.0015715074174860602,30,20
0.0016235882503257079,30,21
0.0016650385238182889,30,22
0.0016957449886695912,30,23
0.0017137326181603373,30,24
0.0017194928925278385,30,25
0.0017117490708951392,30,26
0.0016917651057259217,30,27
0.0016590453815740697,30,28
0.0016155432457667796,30,29
0.0015613760936491704,30,30
0.001498892393547044,30,31
0.0014285109678942483,30,32
0.0013526197866553485,30,33
0.001271641834676775,30,34
0.001187725112419021,30,35
0.0011011114814225122,30,36
0.001013558754200345,30,37
0.0009250662665322686,30,38
0.0008369626497217005,30,39
0.0007490301834808553,30,40
0.0006621961400915862,30,41
0.0005760933365072867,30,42
0.0004913030364046299,30,43
0.00040738611971876266,30,44
0.00032463692110565144,30,45
0.00024261520216057935,30,46
0.00016138116282244966,30,47
8.055231855458302e-05,30,48
0.0,30,49
0.0,31,0
7.261425834348123e-05,31,1
0.00014549975231483453,31,2
0.0002187856851501329,31,3
0.00029285230398090823,31,4
0.0003676547753516317,31,5
0.00044364365159331394,31,6
0.0005205645681756609,31,7
0.0005988899929498215,31,8
0.0006781136982480646,31,9
0.0007586699889728612,31,10
0.0008397512216826488,31,11
0.0009216841778902633,31,12
0.0010033087255210682,31,13
0.0010847760804319868,31,14
0.0011645370411565196,31,15
0.0012425234725524867,31,16
0.0013168044689857378,31,17
0.001387108946348849,31,18
0.001451214742001326,31,19
0.0015087629274102043,31,20
0.001557443446987894,31,21
0.0015970361721788257,31,22
0.0016254443137479167,31,23
0.001642874525261558,31,24
0.0016477531079856784,31,25
0.0016409417604090178,31,26
0.0016215706399817901,31,27
0.0015911967394113492,31,28
0.0015496135346327624,31,29
0.0014988923979518413,31,30
0.0014392614520438577,31,31
0.0013729966333585319,31,32
0.0013004722240217482,31,33
0.0012238677539014016,31,34
0.0011434764537632748,31,35
0.0010611784833892577,31,36
0.0009770703419728396,31,37
0.0008926430340108569,31,38
0.0008077794177565428,31,39
0.0007235749773122756,31,40
0.0006397423909599937,31,41
0.000557019658715372,31,42
0.00047501734615331234,31,43
0.0003941691274204279,31,44
0.00031405342598934835,31,45
0.0002348521077139659,31,46
0.00015617305008736512,31,47
7.799282670815309e-05,31,48
0.0,31,49
0.0,32,0
6.994276752971257e-05,32,1
0.00014006927413287676,32,2
0.00021068527519957274,32,3
0.00028182117184942675,32,4
0.00035387023632519357,32,5
0.00042667724256203386,32,6
0.000500681404221862,32,7
0.0005755051046364629,32,8
0.0006515822264754065,32,9
0.0007282699732678698,32,10
0.0008059363127075315,32,11
0.0008836271045065147,32,12
0.0009615807001943739,32,13
0.001038492226110616,32,14
0.0011144191360120818,32,15
0.0011876941181187912,32,16
0.00125818185626583,32,17
0.0013238999418492337,32,18
0.001384581890122409,32,19
0.0014380681987097622,32,20
0.001484120024841971,32,21
0.0015206365402834997,32,22
0.0015476458838685166,32,23
0.001563391811878129,32,24
0.001568410305566215,32,25
0.0015615201649707056,32,26
0.001543890642728516,32,27
0.001514981990796576,32,28
0.0014765301228652553,32,29
0.001428510985633147,32,30
0.0013729966374033847,32,31
0.0013102374264528467,32,32
0.0012423557536081528,32,33
0.00116963652227133,32,34
0.001094017008877976,32,35
0.001015657323048756,32,36
0.0009361721476930988,32,37
0.0008555346907793315,32,38
0.0007749905285980228,32,39
0.0006943374578630297,32,40
0.0006144648686593875,32,41
0.0005350463055589333,32,42
0.00045665610347489857,32,43
0.00037890758305618547,32,44
0.0003021086539678921,32,45
0.000225874034136288,32,46
0.00015029145945908535,32,47
7.503040457447964e-05,32,48
0.0,32,49
0.0,33,0
6.693009204159643e-05,33,1
0.00013408532496566642,33,2
0.00020155783781955177,33,3
0.000269674240600957,33,4
0.00033836328739630467,33,5
0.0004080168141403809,33,6
0.0004783675846296901,33,7
0.0005498288789374555,33,8
0.0006219005062505766,33,9
0.0006949650612638816,33,10
0.0007682488054284287,33,11
0.0008420464241892059,33,12
0.0009152724736733771,33,13
0.0009880815144241082,33,14
0.001059054924006636,33,15
0.0011281792938277735,33,16
0.0011937216633071874,33,17
0.0012555246828579193,33,18
0.0013116284591963001,33,19
0.0013618335072647784,33,20
0.001404126265582964,33,21
0.001438447795044588,33,22
0.001462971603639734,33,23
0.0014779994571853337,33,24
0.001482130354979842,33,25
0.001476194750440203,33,26
0.0014593547241589053,33,27
0.001432995809870592,33,28
0.001396816531401443,33,29
0.0013526197986508204,33,30
0.001300472240185629,33,31
0.0012423557572663437,33,32
0.0011784844838076335,33,33
0.001110778787000652,33,34
0.0010394171356201201,33,35
0.0009660855191003975,33,36
0.0008908244498465058,33,37
0.000814998813004831,33,38
0.0007384867297159266,33,39
0.0006623141516809454,33,40
0.0005862244339528473,33,41
0.0005109275213514324,33,42
0.00043608434048989127,33,43
0.000362129039699291,33,44
0.0002886980140731459,33,45
0.0002159930771713464,33,46
0.00014367972111623302,33,47
7.176835201548395e-05,33,48
0.0,33,49
0.0,34,0
6.367358503128973e-05,34,1
0.00012748808646539323,34,2
0.0001916971628247035,34,3
0.0002562995339416227,34,4
0.0003216294118605065,34,5
0.0003875135953382782,34,6
0.0004543291829974131,34,7
0.0005216987309228641,34,8
0.0005899976336356387,34,9
0.0006586088726315237,34,10
0.0007278559855540603,34,11
0.0007968473619043808,34,12
0.000865805250913391,34,13
0.000933538100941978,34,14
0.0010001315631187997,34,15
0.0010640954960481049,34,16
0.001125378692149695,34,17
0.0011822434557739972,34,18
0.0012345600537577684,34,19
0.0012804638635903148,34,20
0.0013198760771646794,34,21
0.0013509944609498674,34,22
0.001373973386920489,34,23
0.001387291305311163,34,24
0.0013915110033158502,34,25
0.0013855630498278316,34,26
0.0013705059845758377,34,27
0.0013457737029514765,34,28
0.0013128691278389143,34,29
0.0012716418664328124,34,30
0.0012238677647425078,34,31
0.0011696365367693438,34,32
0.0011107787902556948,34,33
0.0010474416592928081,34,34
0.000981321517900941,34,35
0.0009124930191483606,34,36
0.0008423982237859517,34,37
0.0007709805631729308,34,38
0.00069937758409469,34,39
0.0006274014802176291,34,40
0.0005558851418845605,34,41
0.00048454481274177053,34,42
0.00041393578343539185,34,43
0.00034372818056887296,34,44
0.0002742370901375942,34,45
0.00020513772088857682,34,46
0.0001365435559883937,34,47
6.81814404150608e-05,34,48
0.0,34,49
0.0,35,0
6.0145691938660294e-05,35,1
0.0001204685693470304,35,2
0.00018102413407569435,35,3
0.00024208214156794933,35,4
0.00030354855240443426,35,5
0.00036575289295980295,35,6
0.00042842274799605217,35,7
0.0004919092340106458,35,8
0.000555730723047933,35,9
0.0006202165588829674,35,10
0.0006846446135888623,35,11
0.0007492775989052181,35,12
0.000813127049866478,35,13
0.000876351677125648,35,14
0.0009376881514077297,35,15
0.0009971765793810351,35,16
0.0010533051618350268,35,17
0.0011060229944796802,35,18
0.0011536496603591997,35,19
0.001196128457053757,35,20
0.0012317514620110595,35,21
0.001260595916041531,35,22
0.00128111034552644,35,23
0.0012936653416159305,35,24
0.0012970413019069511,35,25
0.0012920187587206712,35,26
0.0012778105199396778,35,27
0.0012556222195072326,35,28
0.0012250837166478158,35,29
0.0011877251300475616,35,30
0.0011434764822123526,35,31
0.0010940170185158118,35,32
0.0010394171484049307,35,33
0.000981321520746701,35,34
0.0009198007853750051,35,35
0.00085632431461231,35,36
0.0007908773952861907,35,37
0.0007246749519364396,35,38
0.0006575890108680029,35,39
0.0005905546536772212,35,40
0.0005233451303049588,35,41
0.0004566256227955022,35,42
0.0003901081765257616,35,43
0.0003242158795460257,35,44
0.00025864513425202405,35,45
0.00019361091915591076,35,46
0.0001288387783603063,35,47
6.437005425402415e-05,35,48
0.0,35,49
0.0,36,0
5.643847348424941e-05,36,1
0.0001129767042442894,36,2
0.00016981617532590737,36,3
0.00022692824528174863,36,4
0.00028458717966995745,36,5
0.0003426096185109542,36,6
0.00040130972939479443,36,7
0.00046032220018647806,36,8
0.0005199638268650898,36,9
0.0005796596549987951,36,10
0.0006396894136097631,36,11
0.0006992438994215554,36,12
0.0007585294952852772,36,13
0.000816489238696322,36,14
0.0008732341055755692,36,15
0.0009274699025137121,36,16
0.0009792194568039785,36,17
0.0010270014427610635,36,18
0.0010708019392596951,36,19
0.0011090530988459647,36,20
0.0011418045803623465,36,21
0.001167547883203234,36,22
0.0011865284264434121,36,23
0.0011974572914536551,36,24
0.0012008969118805569,36,25
0.0011959009073630987,36,26
0.0011834059941247625,36,27
0.0011628469168781963,36,28
0.0011354959672323602,36,29
0.001101111522748976,36,30
0.0010611784990327332,36,31
0.0010156573480983974,36,32
0.0009660855275170523,36,33
0.0009124930302158861,36,34
0.0008563243170527629,36,35
0.0007975782327368651,36,36
0.0007375061769425376,36,37
0.0006760241358423283,36,38
0.0006141411669999557,36,39
0.0005516829607081262,36,40
0.000489406871679282,36,41
0.00042707041619276606,36,42
0.00036519438099514337,36,43
0.00030350483174314464,36,44
0.00024231281474888092,36,45
0.00018135364503442494,36,46
0.00012075930440513458,36,47
6.031339685851409e-05,36,48
0.0,36,49
0.0,37,0
5.252802848066741e-05,37,1
0.00010518817804212746,37,2
0.00015800430540314573,37,3
0.00021119098149106286,37,4
0.00026463928600286906,37,5
0.000318617701059524,37,6
0.0003728600789693155,37,7
0.0004276567965682219,37,8
0.00048255992817666094,37,9
0.0005378471354612623,37,10
0.0005928660394122666,37,11
0.0006478480370072378,37,12
0.0007019207490114487,37,13
0.0007552442546405482,37,14
0.000806726968108022,37,15
0.0008564523571552952,37,16
0.0009031389727558351,37,17
0.000946820834746247,37,18
0.00098609554625859,37,19
0.0010210152573885101,37,20
0.0010501669562086164,37,21
0.001073723030263786,37,22
0.001090395457228632,37,23
0.0011005872672809629,37,24
0.0011032603753781793,37,25
0.0010991256254995472,37,26
0.0010874664093791936,37,27
0.0010693085504733808,37,28
0.0010442495993488487,37,29
0.0010135587752364457,37,30
0.0009770703782667305,37,31
0.0009361721613232839,37,32
0.0008908244714904858,37,33
0.000842398230993783,37,34
0.000790877404673834,37,35
0.0007375061789911746,37,36
0.0006822242591759943,37,37
0.0006260808402851592,37,38
0.0005689439929092405,37,39
0.0005116395313960602,37,40
0.0004539691493189119,37,41
0.00039653581949933037,37,42
0.0003391001654884757,37,43
0.00028205968750722945,37,44
0.00022516817527400533,37,45
0.00016864277699663616,37,46
0.0001122663415447546,37,47
5.61034278201133e-05,37,48
0.0,37,49
0.0,38,0
4.8496846455125906e-05,38,1
9.705790300896795e-05,38,2
0.00014583650574861708,38,3
0.00019478462039602813,38,4
0.00024411976913498587,38,5
0.00029365936437845817,38,6
0.00034365756130532864,38,7
0.00039377527395501277,38,8
0.0004442733660907384,38,9
0.0004946356524016908,38,10
0.0005450995889727822,38,11
0.0005949559637604929,38,12
0.0006443935051259372,38,13
0.0006925051019201116,38,14
0.0007394183753076008,38,15
0.0007840436870094714,38,16
0.0008264582815274034,38,17
0.0008654353003776457,38,18
0.0009010439255308592,38,19
0.0009320003250445083,38,20
0.000958439869952141,38,21
0.0009791302688265814,38,22
0.0009943650771201877,38,23
0.0010030776814990395,38,24
0.0010058003723971848,38,25
0.0010017182046284012,38,26
0.0009916378136997602,38,27
0.0009750245968190031,38,28
0.0009529307776161093,38,29
0.0009250663125872625,38,30
0.0008926430522738431,38,31
0.000855534722036076,38,32
0.0008149988246437411,38,33
0.0007709805814877322,38,34
0.0007246749579762913,38,35
0.0006760241436257669,38,36
0.0006260808419640645,38,37
0.0005747416737903742,38,38
0.0005228725434458244,38,39
0.00047031367368821067,38,40
0.00041772988161257774,38,41
0.0003649174883781011,38,42
0.00031234658157832475,38,43
0.00025979534821111413,38,44
0.00020755706710835035,38,45
0.00015542281811430382,38,46
0.00010353229007836681,38,47
5.1720888617692714e-05,38,48
0.0,38,49
0.0,39,0
4.4322875429601925e-05,39,1
8.873893784381665e-05,39,2
0.00013324837098741913,39,3
0.00017801551482221254,39,4
0.00022292696460132427,39,5
0.000268194457526242,39,6
0.00031357119280654407,39,7
0.0003592905605703488,39,8
0.00040495372489774664,39,9
0.0004507892148299703,39,10
0.000496230714510226,39,11
0.0005414778622609288,39,12
0.0005857889190513666,39,13
0.0006293188251371646,39,14
0.0006711566698992137,39,15
0.0007114128959330863,39,16
0.0007490357621109319,39,17
0.000784115114786709,39,18
0.0008155146934545041,39,19
0.0008433546762134825,39,20
0.0008664973684921807,39,21
0.0008851649133744511,39,22
0.0008983151966409599,39,23
0.0009063459906738864,39,24
0.0009083976005294559,39,25
0.0009050925024435633,39,26
0.0008958034046382374,39,27
0.00088137960559315,39,28
0.000861423988001005,39,29
0.0008369626718351322,39,30
0.0008077794572259651,39,31
0.0007749905441216336,39,32
0.0007384867560543684,39,33
0.0006993775938116138,39,34
0.000657589026006403,39,35
0.0006141411719383907,39,36
0.0005689439991979003,39,37
0.0005228725447844597,39,38
0.00047579673900123923,39,39
0.0004284190660417051,39,40
0.00038056924032521056,39,41
0.00033277214126858586,39,42
0.0002848333451030859,39,43
0.00023710968288546313,39,44
0.0001894072487982153,39,45
0.00014193239114392478,39,46
9.451933067376174e-05,39,47
4.7245285915168696e-05,39,48
0.0,39,49
0.0,40,0
4.0076092289912834e-05,40,1
8.018874240207074e-05,40,2
0.00012044960827598531,40,3
0.00016080109661162687,40,4
0.00020140950498046052,40,5
0.00024210508799594124,40,6
0.00028308673147939544,40,7
0.0003240556774208247,40,8
0.0003652203858164956,40,9
0.0004061385400770115,40,10
0.00044700625435886,40,11
0.0004872282508736056,40,12
0.0005269714155103653,40,13
0.0005654879910494757,40,14
0.0006029095512106011,40,15
0.0006383523415535914,40,16
0.0006719237535258069,40,17
0.0007026420991384459,40,18
0.000730623280764364,40,19
0.0007548489176593224,40,20
0.0007754960354000633,40,21
0.0007915876804505635,40,22
0.0008034237112895257,40,23
0.0008101478206217978,40,24
0.0008122343494504368,40,25
0.0008090065606606039,40,26
0.0008011343230758758,40,27
0.0007881414791356469,40,28
0.0007708723646656086,40,29
0.000749030229379126,40,30
0.0007235749959847628,40,31
0.0006943374909128224,40,32
0.0006623141645646782,40,33
0.0006274015018704211,40,34
0.000590554661584116,40,35
0.0005516829728901573,40,36
0.0005116395353217175,40,37
0.00047031367861960293,40,38
0.0004284190670754468,40,39
0.00038581386042643153,40,40
0.00034305676175525507,40,41
0.000299980987173197,40,42
0.0002569910884973503,40,43
0.0002139126329995237,40,44
0.00017100712670319105,40,45
0.00012811518285800702,40,46
8.537199378609383e-05,40,47
4.265744946542433e-05,40,48
0.0,40,49
0.0,41,0
3.5735679365108016e-05,41,1
7.153329970919395e-05,41,2
0.0001073785972032318,41,3
0.00014339221387666255,41,4
0.00017946731622466784,41,5
0.00021576448119501376,41,6
0.0002520690725600745,41,7
0.0002885618760828819,41,8
0.0003249070005054321,41,9
0.00036128601008775284,41,10
0.0003972318896307981,41,11
0.00043291048751032,41,12
0.00046772064806438815,41,13
0.000501803084564828,41,14
0.0005344308968936693,41,15
0.0005657223799980464,41,16
0.0005948494704446099,41,17
0.0006219272201873197,41,18
0.0006460699090675008,41,19
0.0006674258235524394,41,20
0.0006851117352944966,41,21
0.0006993574596357121,41,22
0.0007093495880289699,41,23
0.0007154469159521416,41,24
0.0007169647670972607,41,25
0.0007144209759654584,41,26
0.0007072938648262054,41,27
0.0006962596917525141,41,28
0.000680960318032681,41,29
0.0006621961610154881,41,30
0.0006397424290498755,41,31
0.0006144648840229886,41,32
0.0005862244608995301,41,33
0.0005558851522872397,41,34
0.000523345147605034,41,35
0.0004894068779247126,41,36
0.00045396915882054903,41,37
0.00041772988463179,41,38
0.0003805692440583405,41,39
0.0003430567625237418,41,40
0.0003050513385102098,41,41
0.00026698675167303955,41,42
0.0002287102834717242,41,43
0.00019052433419756735,41,44
0.00015228159304958363,41,45
0.00011416469071039226,41,46
7.605203067708488e-05,41,47
3.802209948533188e-05,41,48
0.0,41,49
0.0,42,0
3.135755364904616e-05,42,1
6.273255395952062e-05,42,2
9.420227354029263e-05,42,3
0.00012570958519844629,42,4
0.0001573757981165691,42,5
0.00018905553488375462,42,6
0.00022089747245268674,42,7
0.00025265573455012544,42,8
0.00028448956178939595,42,9
0.0003160428714490438,42,10
0.00034747024488659067,42,11
0.00037830041605559734,42,12
0.0004086725531425332,42,13
0.00043800324690785854,42,14
0.0004664137916716329,42,15
0.000493223511652571,42,16
0.0005185454563198677,42,17
0.0005416313515388096,42,18
0.0005626096706260967,42,19
0.0005807089582721008,42,20
0.0005961086761348461,42,21
0.0006080682766702129,42,22
0.0006168580073997789,42,23
0.0006218215144913544,42,24
0.0006233517549573501,42,25
0.0006209159050959164,42,26
0.0006150414153037753,42,27
0.0006053339762601836,42,28
0.000592440519311662,42,29
0.0005760933776705224,42,30
0.0005570196757214294,42,31
0.0005350463362458225,42,32
0.0005109275336137918,42,33
0.00048454483403445885,42,34
0.0004566256309268166,42,35
0.0004270704295564092,42,36
0.00039653582426118025,42,37
0.000364917495518102,42,38
0.00033277214350042563,42,39
0.0002999809898812992,42,40
0.00026698675221839053,42,41
0.00023365879410091554,42,42
0.00020032386157528537,42,43
0.0001668505604974237,42,44
0.0001334560061630973,42,45
0.00010002388185105027,42,46
6.667309502053391e-05,42,47
3.332012809454904e-05,42,48
0.0,42,49
0.0,43,0
2.6922600856901568e-05,43,1
5.388364178503772e-05,43,2
8.086337177127311e-05,43,3
0.00010794539209441462,43,4
0.00013503966164544695,43,5
0.0001622611253181712,43,6
0.00018943850704116738,43,7
0.00021670393017074108,43,8
0.00024379576362757588,43,9
0.00027084987695801606,43,10
0.0002975084076617904,43,11
0.0003239002208618054,43,12
0.00034957087574797853,43,13
0.00037463694040905143,43,14
0.00039855547960125696,43,15
0.00042143401402494916,43,16
0.0004426603199713581,43,17
0.00046234690558165007,43,18
0.0004798436312705596,43,19
0.0004952925800226119,43,20
0.0005080469783061797,43,21
0.000518309480508776,43,22
0.0005254814023746701,43,23
0.0005298552418310357,43,24
0.0005309188969230287,43,25
0.0005290723319265689,43,26
0.0005239127142998241,43,27
0.0005159457815654297,43,28
0.0005048796163429956,43,29
0.0004913030540972572,43,30
0.0004750173787531431,43,31
0.00045665611682190344,43,32
0.00043608436434316896,43,33
0.000413935792868899,43,34
0.00039010819272367216,43,35
0.00036519438710547387,43,36
0.0003391001753956374,43,37
0.0003123465850555579,43,38
0.00028483335022848555,43,39
0.0002569910900682919,43,40
0.00022871028533459568,43,41
0.00020032386194025764,43,42
0.00017171855105790684,43,43
0.00014313097680503298,43,44
0.00011445528172347278,43,45
8.583898941163311e-05,43,46
5.719773396914602e-05,43,47
2.8600676843409733e-05,43,48
0.0,43,49
0.0,44,0
2.2472345480913728e-05,44,1
4.495086815824574e-05,44,2
6.748526329018618e-05,44,3
9.002776772281154e-05,44,4
0.00011266045885195717,44,5
0.00013527211552069626,44,6
0.00015796562712825285,44,7
0.00018055810574621453,44,8
0.00020316190696540145,44,9
0.00022551646076204702,44,10
0.00024773372969054294,44,11
0.000269473164185401,44,12
0.00029083988909129715,44,13
0.0003114168901231468,44,14
0.00033130177459638523,44,15
0.00035001260524170644,44,16
0.0003676466465891239,44,17
0.00038367802922601845,44,18
0.0003982194228594436,44,19
0.0004107308748650675,44,20
0.0004213629298222157,44,21
0.00042959666766089665,44,22
0.00043564471397029045,44,23
0.0004390430498791448,44,24
0.00044008507921546947,44,25
0.000438386599937018,44,26
0.0004343279646810369,44,27
0.0004276148423164241,44,28
0.0004187044671759084,44,29
0.0004073861522009398,44,30
0.00039416914096802354,44,31
0.0003789076077869089,44,32
0.0003621290497241919,44,33
0.00034372819829391494,44,34
0.0003242158864747912,44,35
0.0003035048434894459,44,36
0.00028205969187615357,44,37
0.00025979535518371165,44,38
0.00023710968528924744,44,39
0.00021391263647032666,44,40
0.00019052433523596425,44,41
0.00016685056169364363,44,42
0.0001431309770311858,44,43
0.00011927389108377532,44,44
9.544178941256851e-05,44,45
7.155580855416671e-05,44,46
4.770850061475427e-05,44,47
2.3845806016333886e-05,44,48
0.0,44,49
0.0,45,0
1.7990661531200467e-05,45,1
3.6002917686653026e-05,45,2
5.401908117815454e-05,45,3
7.209143350527711e-05,45,4
9.01550679592572e-05,45,5
0.00010828390908914827,45,6
0.0001263588081496262,45,7
0.0001444662321556053,45,8
0.0001624272105661163,45,9
0.0001803323705850279,45,10
0.0001979397448214432,45,11
0.0002153377212947998,45,12
0.00023222198879389706,45,13
0.00024867595419446434,45,14
0.0002643391165152837,45,15
0.0002792925317874649,45,16
0.0002931325501106191,45,17
0.0003059469343736435,45,18
0.0003173090857411059,45,19
0.00032732846640510615,45,20
0.0003355812043913614,45,21
0.00034221668300988623,45,22
0.0003468409377637739,45,23
0.0003496599453049784,45,24
0.0003503327903487526,45,25
0.00034913162241454664,45,26
0.00034578238992619327,45,27
0.0003406217442155077,45,28
0.0003334441415831467,45,29
0.00032463693389497914,45,30
0.00031405344972863255,45,31
0.0003021086637739865,45,32
0.00028869803178991217,45,33
0.0002742370972396614,45,34
0.0002586451466576717,45,35
0.00024231281953402173,45,36
0.00022516818326699856,45,37
0.00020755707003225604,45,38
0.00018940725337723775,45,39
0.00017100712824771457,45,40
0.00015228159522323064,45,41
0.00013345600679368273,45,42
0.00011445528242279995,45,43
9.544178953850465e-05,45,44
7.634714335620957e-05,45,45
5.72747908219499e-05,45,46
3.817184868938804e-05,45,47
1.9089491383656905e-05,45,48
0.0,45,49
0.0,46,0
1.3505283065026842e-05,46,1
2.7011654439748517e-05,46,2
4.0546635727199806e-05,46,3
5.407869673567064e-05,46,4
6.76551910953655e-05,46,5
8.120638342031176e-05,46,6
9.479267452696398e-05,46,7
0.00010830143615353576,46,8
0.00012179958996228644,46,9
0.00013512838657752456,46,10
0.00014835576431153076,46,11
0.00016127597283004057,46,12
0.0001739545774679381,46,13
0.00018614144161435524,46,14
0.00019789973442730347,46,15
0.00020894216598900408,46,16
0.00021933386670729737,46,17
0.00022876284217978224,46,18
0.00023730511367791164,46,19
0.0002446411058385723,46,20
0.0002508700333732935,46,21
0.0002556844310593014,46,22
0.0002592196046438652,46,23
0.0002611989310889719,46,24
0.0002618034810190246,46,25
0.0002608012401461383,46,26
0.00025842191024146174,46,27
0.00025448388162554016,46,28
0.00024925968660484903,46,29
0.00024261522292665693,46,30
0.00023485211642334378,46,31
0.0002258740501413513,46,32
0.0002159930837118886,46,33
0.00020513773256858637,46,34
0.0001936109237788505,46,35
0.00018135365299714375,46,36
0.0001686427800204226,46,37
0.00015542282307701922,46,38
0.00014193239292319905,46,39
0.0001281151855802825,46,40
0.00011416469160371943,46,41
0.00010002388306724006,46,42
8.583898975024961e-05,46,43
7.155580891039953e-05,46,44
5.727479088169893e-05,46,45
4.295032354164383e-05,46,46
2.864104068022141e-05,46,47
1.4316813581999674e-05,46,48
0.0,46,49
0.0,47,0
9.004866390051252e-06,47,1
1.801928095234225e-05,47,2
2.7033005944959135e-05,47,3
3.607111503468246e-05,47,4
4.5099663995188886e-05,47,5
5.4154789940323145e-05,47,6
6.31754222520466e-05,47,7
7.220432245390016e-05,47,8
8.11506608354981e-05,47,9
9.005980872969924e-05,47,10
9.880981420578443e-05,47,11
0.00010744568623079284,47,12
0.00011581493456987864,47,13
0.00012396105696970693,47,14
0.00013170431206233462,47,15
0.00013908811659242134,47,16
0.00014591204314444756,47,17
0.0001522238407260373,47,18
0.00015781226023651825,47,19
0.00016273644681079455,47,20
0.00016678661366461973,47,21
0.00017004169361165716,47,22
0.00017230618889083353,47,23
0.00017368633964487675,47,24
0.00017401179214706803,47,25
0.00017342026914350566,47,26
0.00017177310060721834,47,27
0.0001692385026589902,47,28
0.00016571046625253009,47,29
0.00016138116952399157,47,30
0.00015617306257641823,47,31
0.0001502914646426276,47,32
0.00014367973053532022,47,33
0.00013654355979075573,47,34
0.000128838785060069,47,35
0.00012075930701782487,47,36
0.00011226634597082709,47,37
0.00010353229172782795,47,38
9.451933332310885e-05,47,39
8.537199471236646e-05,47,40
7.605203205258159e-05,47,41
6.667309545584267e-05,47,42
5.719773453558147e-05,47,43
4.770850076350977e-05,47,44
3.817184883395438e-05,47,45
2.864104070182585e-05,47,46
1.9090659077831206e-05,47,47
9.547838874786684e-06,47,48
0.0,47,49
0.0,48,0
4.504614194704553e-06,48,1
9.009145152330837e-06,48,2
1.3522375345690881e-05,48,3
1.8033307916483596e-05,48,4
2.2557406453991135e-05,48,5
2.707092131031341e-05,48,6
3.159376407733062e-05,48,7
3.608791144461683e-05,48,8
4.0575596104631914e-05,48,9
4.500350960955587e-05,48,10
4.9394439809401085e-05,48,11
5.367958209596814e-05,48,12
5.788122692455453e-05,48,13
6.191602577973477e-05,48,14
6.58058230757055e-05,48,15
6.945518262638292e-05,48,16
7.288695738680184e-05,48,17
7.599774249797474e-05,48,18
7.881428434686953e-05,48,19
8.123078347660386e-05,48,20
8.328178425982206e-05,48,21
8.486543038857318e-05,48,22
8.602809937419995e-05,48,23
8.667786659109121e-05,48,24
8.687592003077101e-05,48,25
8.65446676632496e-05,48,26
8.576093037358269e-05,48,27
8.44633435677667e-05,48,28
8.274246513373101e-05,48,29
8.055232569397339e-05,48,30
7.799282971018816e-05,48,31
7.503041010822302e-05,48,32
7.176835428521966e-05,48,33
6.818144448649624e-05,48,34
6.437005587439233e-05,48,35
6.031339966877165e-05,48,36
5.610342889668356e-05,48,37
5.1720890404862044e-05,48,38
4.724528656576933e-05,48,39
4.265745048205342e-05,48,40
3.802209982925164e-05,48,41
3.332012858505869e-05,48,42
2.860067699093762e-05,48,43
2.3845806195924732e-05,48,44
1.9089491426687863e-05,48,45
1.4316813618515464e-05,48,46
9.547838879143288e-06,48,47
4.772914626446602e-06,48,48
0.0,48,49
0.0,49,0
0.0,49,1
0.0,49,2
0.0,49,3
0.0,49,4
0.0,49,5
0.0,49,6
0.0,49,7
0.0,49,8
0.0,49,9
0.0,49,10
0.0,49,11
0.0,49,12
0.0,49,13
0.0,49,14
0.0,49,15
0.0,49,16
0.0,49,17
0.0,49,18
0.0,49,19
0.0,49,20
0.0,49,21
0.0,49,22
0.0,49,23
0.0,49,24
0.0,49,25
0.0,49,26
0.0,49,27
0.0,49,28
0.0,49,29
0.0,49,30
0.0,49,31
0.0,49,32
0.0,49,33
0.0,49,34
0.0,49,35
0.0,49,36
0.0,49,37
0.0,49,38
0.0,49,39
0.0,49,40
0.0,49,41
0.0,49,42
0.0,49,43
0.0,49,44
0.0,49,45
0.0,49,46
0.0,49,47
0.0,49,48
0.0,49,49
